1600	慶長	5	己亥
1601	慶長	6	庚子
1602	慶長	7	辛丑
1603	慶長	8	壬寅
1604	慶長	9	癸卯
1605	慶長	10	甲辰
1606	慶長	11	乙巳
1607	慶長	12	丙午
1608	慶長	13	丁未
1609	慶長	14	戊申
1610	慶長	15	己酉
1611	慶長	16	庚戌
1612	慶長	17	辛亥
1613	慶長	18	壬子
1614	慶長	19	癸丑
1615	慶長	20	甲寅
1615	元和	1	甲寅
1616	元和	2	乙卯
1617	元和	3	丙辰
1618	元和	4	丁巳
1619	元和	5	戊午
1620	元和	6	己未
1621	元和	7	庚申
1622	元和	8	辛酉
1623	元和	9	壬戌
1624	元和	10	甲子
1624	寛永	1	甲子
1625	寛永	2	乙丑
1626	寛永	3	丙寅
1627	寛永	4	丁卯
1628	寛永	5	戊辰
1629	寛永	6	己巳
1630	寛永	7	庚午
1631	寛永	8	辛未
1632	寛永	9	壬申
1633	寛永	10	癸酉
1634	寛永	11	甲戌
1635	寛永	12	乙亥
1636	寛永	13	丙子
1637	寛永	14	丁丑
1638	寛永	15	戊寅
1639	寛永	16	己卯
1640	寛永	17	庚辰
1641	寛永	18	辛巳
1642	寛永	19	壬午
1643	寛永	20	癸未
1644	寛永	21	甲申
1645	正保	1	甲申
1646	正保	2	乙酉
1647	正保	3	丙戌
1648	正保	4	丁亥
1648	正保	5	戊子
1648	慶安	1	戊子
1649	慶安	2	己丑
1650	慶安	3	庚寅
1651	慶安	4	辛卯
1652	慶安	5	壬辰
1652	承応	1	壬辰
1653	承応	2	癸巳
1654	承応	3	甲午
1655	承応	4	乙未
1655	明暦	1	乙未
1656	明暦	2	丙申
1657	明暦	3	丁酉
1658	明暦	4	戊戌
1658	万治	1	戊戌
1659	万治	2	己亥
1660	万治	3	庚子
1661	万治	4	辛丑
1661	寛文	1	辛丑
1662	寛文	2	壬寅
1663	寛文	3	癸卯
1664	寛文	4	甲辰
1665	寛文	5	乙巳
1666	寛文	6	丙午
1667	寛文	7	丁未
1668	寛文	8	戊申
1669	寛文	9	己酉
1670	寛文	10	庚戌
1671	寛文	11	辛亥
1672	寛文	12	壬子
1673	寛文	13	癸丑
1673	延宝	1	癸丑
1674	延宝	2	甲寅
1675	延宝	3	乙卯
1676	延宝	4	丙辰
1677	延宝	5	丁巳
1678	延宝	6	戊午
1679	延宝	7	己未
1680	延宝	8	庚申
1681	延宝	9	辛酉
1681	天和	1	辛酉
1682	天和	2	壬戌
1683	天和	3	癸亥
1684	天和	4	甲子	2,3,5,7,10,12	1,4,6,8,9,11
1684	貞享	1	甲子	2,3,5,7,10,12	1,4,6,8,9,11
1685		2	乙丑	2,4,5,7,9,11	1,3,6,8,10,12
1686		3	丙寅	1,3,4,6,7,9,11	2,l3,5,8,10,12
1687		4	丁卯	1,4,6,7,9,10,12	2,3,5,8,11
1688		5	戊辰	2,5,7,9,10,11	1,3,4,6,8,12
1688	元禄	1	戊辰	2,5,7,9,10,11	1,3,4,6,8,12
1689		2	己巳	1,2,5,7,9,10,11	l1,3,4,6,8,12
1690		3	庚午	1,3,6,9,10,12	2,4,5,7,8,11
1691		4	辛未	1,2,4,7,9,10,12	3,5,6,8,l8,11
1692		5	壬申	1,3,4,7,10,12	2,5,6,8,9,11
1693		6	癸酉	1,2,4,6,8,11	3,5,7,9,10,12
1694		7	甲戌	1,2,4,5,6,8,10	3,l5,7,9,11,12
1695		8	乙亥	1,3,4,6,8,9,11	2,5,7,10,12
1696		9	丙子	1,4,6,7,9,10,12	2,3,5,8,11
1697		10	丁丑	2,4,6,8,9,11,12	1,l2,3,5,7,10
1698		11	戊寅	2,5,8,9,11,12	1,3,4,6,7,10
1699		12	己卯	1,3,6,9,10,11,12	2,4,5,7,8,l9
1700		13	庚辰	1,3,6,9,11,12	2,4,5,7,8,10
1701		14	辛巳	1,3,5,7,10,12	2,4,6,8,9,11
1702		15	壬午	1,3,4,6,8,10,12	2,5,7,l8,9,11
1703		16	癸未	2,3,5,6,8,10	1,4,7,9,11,12
1704		17	甲申	1,3,5,6,8,9,11	2,4,7,10,12
1704	宝永	1	甲申	1,3,5,6,8,9,11	2,4,7,10,12
1705		2	乙酉	1,4,5,7,8,10,11	2,3,l4,6,9,12
1706		3	丙戌	1,4,7,8,10,11,12	2,3,5,6,9
1707		4	丁亥	2,5,8,10,11,12	1,3,4,6,7,9
1708		5	戊子	1,2,5,8,10,11,12	l1,3,4,6,7,9
1709		6	己丑	2,3,6,9,11,12	1,4,5,7,8,10
1710		7	庚寅	2,3,5,7,9,11	1,4,6,8,l8,10,12
1711		8	辛卯	1,2,3,5,7,10,12	4,6,8,9,11
1711	正徳	1	辛卯	1,2,3,5,7,10,12	4,6,8,9,11
1712		2	壬辰	2,3,5,7,8,10	1,4,6,9,11,12
1713		3	癸巳	1,3,5,6,7,9,10,12	2,4,l5,8,11
1714		4	甲午	3,5,7,8,10,11	1,2,4,6,9,12
1715		5	乙未	1,4,7,8,10,11,12	2,3,5,6,9
1716		6	丙申	2,4,7,9,10,11	1,l2,3,5,6,8,12
1716	享保	1	丙申	2,4,7,9,10,11	1,l2,3,5,6,8,12
1717		2	丁酉	1,2,5,8,10,11	3,4,6,7,9,12
1718		3	戊戌	1,2,4,6,9,l10,12	3,5,7,8,10,11
1719		4	己亥	1,2,4,6,9,11	3,5,7,8,10,12
1720		5	庚子	1,2,4,5,7,10,12	3,6,8,9,11
1721		6	辛丑	2,4,5,7,8,10,12	1,3,6,l7,9,11
1722		7	壬寅	2,4,6,7,9,11	1,3,5,8,10,12
1723		8	癸卯	1,3,6,7,9,10,12	2,4,5,8,11
1724		9	甲辰	1,4,6,8,9,10,12	2,3,l4,5,7,11
1725		10	乙巳	1,4,7,9,10,12	2,3,5,6,8,11
1726		11	丙午	1,3,5,8,10,12	2,4,6,7,9,11
1727		12	丁未	1,l1,3,5,8,10,12	2,4,6,7,9,11
1728		13	戊申	1,3,4,6,9,11	2,5,7,8,10,12
1729		14	己酉	1,3,4,6,8,l9,11	2,5,7,9,10,12
1730		15	庚戌	1,3,5,6,8,10,12	2,4,7,9,11
1731		16	辛亥	2,4,6,8,9,11	1,3,5,7,10,12
1732		17	壬子	1,3,l5,7,8,9,11	2,4,5,6,10,12
1733		18	癸丑	1,3,6,8,9,11,12	2,4,5,7,10
1734		19	甲寅	2,4,7,9,11,12	1,3,5,6,8,10
1735		20	乙卯	1,3,4,7,9,11,12	2,l3,5,6,8,10
1736		21	丙辰	2,3,5,8,11,12	1,4,6,7,9,10
1736	元文	1	丙辰	2,3,5,8,11,12	1,4,6,7,9,10
1737		2	丁巳	2,3,4,6,9,11,12	1,5,7,8,10,l11
1738		3	戊午	2,3,5,7,9,11	1,4,6,8,10,12
1739		4	己未	1,3,5,6,8,10,12	2,4,7,9,11
1740		5	庚申	2,5,6,l7,8,10,12	1,3,4,7,9,11
1741		6	辛酉	2,5,7,8,10,11	1,3,4,6,9,12
1741	寛保	1	辛酉	2,5,7,8,10,11	1,3,4,6,9,12
1742		2	壬戌	1,3,6,8,10,11,12	2,4,5,7,9
1743		3	癸亥	2,4,6,9,10,11,12	1,3,l4,5,7,8
1744		4	甲子	2,4,7,10,11	1,3,5,6,8,9,12
1744	延享	1	甲子	2,4,7,10,11	1,3,5,6,8,9,12
1745		2	乙丑	1,2,3,5,8,11,12	4,6,7,9,10,l12
1746		3	丙寅	1,2,4,6,8,11,12	3,5,7,9,10
1747		4	丁卯	2,4,5,7,9,11	1,3,6,8,10,12
1748		5	戊辰	2,3,5,7,8,10,11	1,4,6,9,l10,12
1748	寛延	1	戊辰	2,3,5,7,8,10,11	1,4,6,9,l10,12
1749		2	己巳	1,4,6,7,9,10,12	2,3,5,8,11
1750		3	庚午	2,5,7,9,10,11	1,3,4,6,8,12
1751		4	辛未	1,3,6,7,9,10,12	2,4,5,l6,8,11
1751	宝暦	1	辛未	1,3,6,7,9,10,12	2,4,5,l6,8,11
1752		2	壬申	1,3,6,9,10,12	2,4,5,7,8,11
1753		3	癸酉	1,2,4,7,10,11	3,5,6,8,9,12
1754		4	甲戌	1,2,3,4,7,10,12	l2,5,6,8,9,11
1755		5	乙亥	1,2,4,6,8,11	3,5,7,9,10,12
1756		6	丙子	1,2,4,6,7,9,11	3,5,8,10,l11,12
1757		7	丁丑	1,3,4,6,8,9,11	2,5,7,10,12
1758		8	戊寅	1,4,6,8,9,10,12	2,3,5,7,11
1759		9	己卯	2,5,7,8,9,11,12	1,3,4,6,l7,10
1760		10	庚辰	2,5,8,9,11,12	1,3,4,6,7,10
1761		11	辛巳	1,3,6,9,11,12	2,4,5,7,8,10
1762		12	壬午	1,2,4,6,9,11,12	3,l4,5,7,8,10
1763		13	癸未	1,3,5,7,10,12	2,4,6,8,9,11
1764		14	甲申	1,3,4,6,8,11,l12	2,5,7,9,10,12
1864	明和	1	甲申	1,3,4,6,8,11,l12	2,5,7,9,10,12
1765		2	乙酉	2,3,5,6,8,10	1,4,7,9,11,12
1766		3	丙戌	1,3,5,6,8,9,11	2,4,7,10,12
1767		4	丁亥	2,4,6,8,9,10,11	1,3,5,7,l9,12
1768		5	戊子	1,4,7,8,10,11,12	2,3,5,6,9
1769		6	己丑	2,5,8,10,11,12	1,3,4,6,7,9
1770		7	庚寅	1,3,6,8,10,11,12	2,4,5,l6,7,9
1771		8	辛卯	2,4,6,9,11,12	1,3,5,7,8,10
1772		9	壬辰	2,3,5,7,10,12	1,4,6,8,9,11
1772	安永	1	壬辰	2,3,5,7,10,12	1,4,6,8,9,11
1773		2	癸巳	2,3,4,5,7,10,12	1,l3,6,8,9,11
1774		3	甲午	2,3,5,7,9,11	1,4,6,8,10,12
1775		4	乙未	1,3,5,7,8,10,11	2,4,6,9,12,l12
1776		5	丙申	1,3,5,7,9,10,11	2,4,6,8,12
1777		6	丁酉	1,4,7,9,10,11	2,3,5,6,8,12
1778		7	戊戌	1,2,5,l7,9,10,11	3,4,6,7,8,12
1779		8	己亥	1,2,5,8,10,11	3,4,6,7,9,12
1780		9	庚子	1,2,4,6,9,11	3,5,7,8,10,12
1781		10	辛丑	1,2,3,5,6,9,11	4,l5,7,8,10,12
1781	天明	1	辛丑	1,2,3,5,6,9,11	4,l5,7,8,10,12
1782		2	壬寅	1,2,4,6,8,10,12	3,5,7,9,11
1783		3	癸卯	2,4,5,7,9,11	1,3,6,8,10,12
1784		4	甲辰	1,2,4,6,7,9,11	l1,3,5,8,10,12
1785		5	乙巳	1,3,6,7,9,10,12	2,4,5,8,11
1786		6	丙午	2,4,7,9,10,l10,12	1,3,5,6,8,11
1787		7	丁未	1,4,7,9,10,12	2,3,5,6,8,11
1788		8	戊申	1,3,5,8,10,12	2,4,6,7,9,11
1789		9	己酉	1,2,4,6,8,10,12	3,5,l6,7,9,11
1789	寛政	1	己酉	1,2,4,6,8,10,12	3,5,l6,7,9,11
1790		2	庚戌	1,3,4,6,9,11	2,5,7,8,10,12
1791		3	辛亥	1,3,4,6,8,10,12	2,5,7,9,11
1792		4	壬子	2,3,5,6,8,10,12	1,l2,4,7,9,11
1793		5	癸丑	2,4,6,8,9,11	1,3,5,7,10,12
1794		6	甲寅	1,3,6,8,9,10,l11	2,4,5,7,11,12
1795		7	乙卯	1,3,6,8,9,11,12	2,4,5,7,10
1796		8	丙辰	2,4,7,9,11,12	1,3,5,6,8,10
1797		9	丁巳	1,3,5,8,10,11,12	2,4,6,7,l7,9
1798		10	戊午	2,3,5,8,11,12	1,4,6,7,9,10
1799		11	己未	2,3,4,7,9,12	1,5,6,8,10,11
1800		12	庚申	1,3,4,5,7,9,11	2,l4,6,8,10,12
1801		13	辛酉	1,3,5,7,8,10,12	2,4,6,9,11
1801	享和	1	辛酉	1,3,5,7,8,10,12	2,4,6,9,11
1802		2	壬戌	2,5,7,8,9,11	1,3,4,6,10,12
1803		3	癸亥	1,2,5,7,8,10,11	l1,3,4,6,9,12
1804		4	甲子	1,3,6,8,10,11,12	2,4,5,7,9
1804	文化	1	甲子	1,3,6,8,10,11,12	2,4,5,7,9
1805		2	乙丑	2,4,8,9,10,11	1,3,5,6,7,l8,12
1806		3	丙寅	1,2,4,8,10,11	3,5,6,7,9,12
1807		4	丁卯	1,2,3,5,8,11,12	4,6,7,9,10
1808		5	戊辰	2,3,5,l6,8,11	1,4,6,7,9,10,12
1809		6	己巳	1,2,4,5,7,9,11	3,6,8,10,12
1810		7	庚午	2,4,5,7,8,10,12	1,3,6,9,11
1811		8	辛未	l2,4,6,7,9,10,12	1,2,3,5,8,11
1812		9	壬申	2,5,7,9,10,11	1,3,4,6,8,12
1813		10	癸酉	1,3,7,9,10,11,12	2,4,5,6,8,l11
1814		11	甲戌	1,3,7,9,10,12	2,4,5,6,8,11
1815		12	乙亥	1,2,4,8,10,12	3,5,6,7,9,11
1816		13	丙子	1,2,4,6,8,10,12	3,5,7,l8,9,11
1817		14	丁丑	1,3,4,6,8,11	2,5,7,9,10,12
1818		15	戊寅	1,2,4,6,7,9,12	3,5,8,10,11
1818	文政	1	戊寅	1,2,4,6,7,9,12	3,5,8,10,11
1819		2	己卯	2,4,5,6,8,9,11	1,3,l4,7,10,12
1820		3	庚辰	2,4,6,8,9,10,12	1,3,5,7,11
1821		4	辛巳	2,5,7,9,10,12	1,3,4,6,8,11
1822		5	壬午	1,2,6,8,9,11,12	l1,3,4,5,7,10
1823		6	癸未	1,3,7,9,11,12	2,4,5,6,8,10
1824		7	甲申	1,2,5,8,9,11,12	3,4,6,7,l8,10
1825		8	乙酉	1,3,5,7,10,12	2,4,6,8,9,11
1826		9	丙戌	1,3,4,6,8,11	2,5,7,9,10,12
1827		10	丁亥	1,3,4,6,7,8,11	2,5,l6,9,10,12
1828		11	戊子	1,3,5,6,8,10,11	2,4,7,9,12
1829		12	己丑	2,4,6,8,9,11,12	1,3,5,7,10
1830		13	庚寅	3,4,7,8,10,11,12	1,2,l3,5,6,9
1830	天保	1	庚寅	3,4,7,8,10,11,12	1,2,l3,5,6,9
1831		2	辛卯	2,6,8,10,11,12	1,3,4,5,7,9
1832		3	壬辰	1,3,7,9,11,l11,12	2,4,5,6,8,10
1833		4	癸巳	2,4,7,9,11,12	1,3,5,6,8,10
1834		5	甲午	2,3,5,8,10,12	1,4,6,7,9,11
1835		6	乙未	2,3,5,6,8,10,12	1,4,7,l7,9,11
1836		7	丙申	2,4,5,7,9,11	1,3,6,8,10,12
1837		8	丁酉	1,3,5,7,8,10,12	2,4,6,9,11
1838		9	戊戌	2,4,6,7,9,10,12	1,3,l4,5,8,11
1839		10	己亥	2,5,7,9,10,11	1,3,4,6,8,12
1840		11	庚子	1,2,6,8,10,11,12	3,4,5,7,9
1841		12	辛丑	l1,3,6,8,10,11	1,2,4,5,7,9,12
1842		13	壬寅	1,2,4,7,9,11	3,5,6,8,10,12
1843		14	癸卯	1,2,3,5,8,l9,11	4,6,7,9,10,12
1844		15	甲辰	1,2,4,6,8,10,12	3,5,7,9,11
1844	弘化	1	甲辰	1,2,4,6,8,10,12	3,5,7,9,11
1845		2	乙巳	2,4,5,7,9,11	1,3,6,8,10,12
1846		3	丙午	1,3,5,6,7,9,11	2,4,l5,8,10,12
1847		4	丁未	1,3,6,7,9,10,12	2,4,5,8,11
1848		5	戊申	2,5,7,9,10,11	1,3,4,6,8,12
1848	嘉永	1	戊申	2,5,7,9,10,11	1,3,4,6,8,12
1849		2	己酉	1,3,5,7,9,10,12	2,4,l4,6,8,11
1850		3	庚戌	1,3,6,8,10,12	2,4,5,7,9,11
1851		4	辛亥	1,2,4,7,9,11	3,5,6,8,10,12
1852		5	壬子	1,2,3,4,7,9,11	l2,5,6,8,10,12
1853		6	癸丑	1,3,4,6,8,10,12	2,5,7,9,11
1854		7	甲寅	2,4,6,7,8,10,12	1,3,5,l7,9,11
1854	安政	1	甲寅	2,4,6,7,8,10,12	1,3,5,l7,9,11
1855		2	乙卯	2,5,6,8,9,11	1,3,4,7,10,12
1856		3	丙辰	1,4,6,8,9,10,12	2,3,5,7,11
1857		4	丁巳	2,5,6,8,9,11,12	1,3,4,l5,7,10
1858		5	戊午	2,5,8,9,11,12	1,3,4,6,7,10
1859		6	己未	1,3,6,9,11,12	2,4,5,7,8,10
1860		7	庚申	1,3,l3,6,9,11,12	2,4,5,7,8,10
1860	万延	1	庚申	1,3,l3,6,9,11,12	2,4,5,7,8,10
1861		2	辛酉	2,3,5,7,9,12	1,4,6,8,10,11
1861	文久	1	辛酉	2,3,5,7,9,12	1,4,6,8,10,11
1862		2	壬戌	1,3,4,6,8,9,11	2,5,7,l8,10,12
1863		3	癸亥	2,3,5,7,8,10,12	1,4,6,9,11
1864		4	甲子	3,5,7,8,9,11	1,2,4,6,10,12
1864	元治	1	甲子	3,5,7,8,9,11	1,2,4,6,10,12
1865		2	乙丑	1,4,l5,7,8,10,11	2,3,5,6,9,12
1865	慶応	1	乙丑	1,4,l5,7,8,10,11	2,3,5,6,9,12
1866		2	丙寅	1,3,7,8,10,11,12	2,4,5,6,9
1867		3	丁卯	2,4,8,10,11,12	1,3,5,6,7,9
1868		4	戊辰	2,3,5,8,10,11	1,4,l4,6,7,9,12
1868	明治	1	戊辰	2,3,5,8,10,11	1,4,l4,6,7,9,12
1869		2	己巳	1,2,3,6,9,11,12	4,5,7,8,10
1870		3	庚午	2,3,5,7,9,11	1,4,6,8,10,l10,12
1871		4	辛未	1,2,4,5,7,9,12	3,6,8,10,11
1872		5	壬申	2,4,5,7,8,10,12	1,3,6,9,11

